{
 "cells": [
  {
   "cell_type": "markdown",
   "id": "e9c1ff01",
   "metadata": {},
   "source": [
    "#  Question 1(b)"
   ]
  },
  {
   "cell_type": "markdown",
   "id": "1e2293e0",
   "metadata": {},
   "source": [
    "#  Determine the minimum number of principal components that maintain\n",
    "   95% and 99% of the variance."
   ]
  },
  {
   "cell_type": "code",
   "execution_count": 184,
   "id": "227356b1",
   "metadata": {},
   "outputs": [],
   "source": [
    "import numpy as np\n",
    "import pandas as pd\n",
    "import matplotlib.pyplot as plt\n",
    "from sklearn.preprocessing import StandardScaler\n",
    "from sklearn.decomposition import PCA\n",
    "from scipy import stats"
   ]
  },
  {
   "cell_type": "code",
   "execution_count": 185,
   "id": "f6bfa8b0",
   "metadata": {
    "scrolled": true
   },
   "outputs": [
    {
     "data": {
      "text/html": [
       "<div>\n",
       "<style scoped>\n",
       "    .dataframe tbody tr th:only-of-type {\n",
       "        vertical-align: middle;\n",
       "    }\n",
       "\n",
       "    .dataframe tbody tr th {\n",
       "        vertical-align: top;\n",
       "    }\n",
       "\n",
       "    .dataframe thead th {\n",
       "        text-align: right;\n",
       "    }\n",
       "</style>\n",
       "<table border=\"1\" class=\"dataframe\">\n",
       "  <thead>\n",
       "    <tr style=\"text-align: right;\">\n",
       "      <th></th>\n",
       "      <th>data1</th>\n",
       "      <th>data2</th>\n",
       "      <th>data3</th>\n",
       "      <th>data4</th>\n",
       "      <th>data5</th>\n",
       "      <th>data6</th>\n",
       "      <th>data7</th>\n",
       "      <th>data8</th>\n",
       "      <th>data9</th>\n",
       "      <th>data10</th>\n",
       "      <th>...</th>\n",
       "      <th>data56</th>\n",
       "      <th>data57</th>\n",
       "      <th>data58</th>\n",
       "      <th>data59</th>\n",
       "      <th>data60</th>\n",
       "      <th>data61</th>\n",
       "      <th>data62</th>\n",
       "      <th>data63</th>\n",
       "      <th>data64</th>\n",
       "      <th>data65</th>\n",
       "    </tr>\n",
       "  </thead>\n",
       "  <tbody>\n",
       "    <tr>\n",
       "      <th>0</th>\n",
       "      <td>0</td>\n",
       "      <td>0.045643</td>\n",
       "      <td>0.068966</td>\n",
       "      <td>0.117647</td>\n",
       "      <td>0</td>\n",
       "      <td>0.285714</td>\n",
       "      <td>0.0</td>\n",
       "      <td>0.674371</td>\n",
       "      <td>0.772287</td>\n",
       "      <td>0.265889</td>\n",
       "      <td>...</td>\n",
       "      <td>0</td>\n",
       "      <td>0</td>\n",
       "      <td>0</td>\n",
       "      <td>0</td>\n",
       "      <td>0</td>\n",
       "      <td>0</td>\n",
       "      <td>0.0</td>\n",
       "      <td>0.005952</td>\n",
       "      <td>0.0</td>\n",
       "      <td>0.0</td>\n",
       "    </tr>\n",
       "    <tr>\n",
       "      <th>1</th>\n",
       "      <td>0</td>\n",
       "      <td>0.203320</td>\n",
       "      <td>0.089655</td>\n",
       "      <td>0.176471</td>\n",
       "      <td>0</td>\n",
       "      <td>0.142857</td>\n",
       "      <td>0.0</td>\n",
       "      <td>0.608748</td>\n",
       "      <td>0.840232</td>\n",
       "      <td>0.457520</td>\n",
       "      <td>...</td>\n",
       "      <td>0</td>\n",
       "      <td>0</td>\n",
       "      <td>0</td>\n",
       "      <td>0</td>\n",
       "      <td>0</td>\n",
       "      <td>0</td>\n",
       "      <td>0.0</td>\n",
       "      <td>0.001488</td>\n",
       "      <td>0.0</td>\n",
       "      <td>0.0</td>\n",
       "    </tr>\n",
       "    <tr>\n",
       "      <th>2</th>\n",
       "      <td>1</td>\n",
       "      <td>0.074689</td>\n",
       "      <td>0.124138</td>\n",
       "      <td>0.058824</td>\n",
       "      <td>0</td>\n",
       "      <td>0.285714</td>\n",
       "      <td>0.0</td>\n",
       "      <td>0.823479</td>\n",
       "      <td>0.807369</td>\n",
       "      <td>0.297082</td>\n",
       "      <td>...</td>\n",
       "      <td>0</td>\n",
       "      <td>0</td>\n",
       "      <td>0</td>\n",
       "      <td>0</td>\n",
       "      <td>0</td>\n",
       "      <td>0</td>\n",
       "      <td>0.0</td>\n",
       "      <td>0.000000</td>\n",
       "      <td>0.0</td>\n",
       "      <td>0.0</td>\n",
       "    </tr>\n",
       "    <tr>\n",
       "      <th>3</th>\n",
       "      <td>0</td>\n",
       "      <td>0.066390</td>\n",
       "      <td>0.103448</td>\n",
       "      <td>0.117647</td>\n",
       "      <td>0</td>\n",
       "      <td>0.428571</td>\n",
       "      <td>0.0</td>\n",
       "      <td>0.684713</td>\n",
       "      <td>0.789068</td>\n",
       "      <td>0.652226</td>\n",
       "      <td>...</td>\n",
       "      <td>0</td>\n",
       "      <td>0</td>\n",
       "      <td>0</td>\n",
       "      <td>0</td>\n",
       "      <td>0</td>\n",
       "      <td>0</td>\n",
       "      <td>0.0</td>\n",
       "      <td>0.001488</td>\n",
       "      <td>0.0</td>\n",
       "      <td>0.0</td>\n",
       "    </tr>\n",
       "    <tr>\n",
       "      <th>4</th>\n",
       "      <td>0</td>\n",
       "      <td>0.112033</td>\n",
       "      <td>0.082759</td>\n",
       "      <td>0.235294</td>\n",
       "      <td>0</td>\n",
       "      <td>0.000000</td>\n",
       "      <td>0.5</td>\n",
       "      <td>0.419381</td>\n",
       "      <td>0.820999</td>\n",
       "      <td>0.000000</td>\n",
       "      <td>...</td>\n",
       "      <td>0</td>\n",
       "      <td>0</td>\n",
       "      <td>0</td>\n",
       "      <td>0</td>\n",
       "      <td>0</td>\n",
       "      <td>0</td>\n",
       "      <td>0.0</td>\n",
       "      <td>0.023810</td>\n",
       "      <td>0.0</td>\n",
       "      <td>0.0</td>\n",
       "    </tr>\n",
       "  </tbody>\n",
       "</table>\n",
       "<p>5 rows × 65 columns</p>\n",
       "</div>"
      ],
      "text/plain": [
       "   data1     data2     data3     data4  data5     data6  data7     data8  \\\n",
       "0      0  0.045643  0.068966  0.117647      0  0.285714    0.0  0.674371   \n",
       "1      0  0.203320  0.089655  0.176471      0  0.142857    0.0  0.608748   \n",
       "2      1  0.074689  0.124138  0.058824      0  0.285714    0.0  0.823479   \n",
       "3      0  0.066390  0.103448  0.117647      0  0.428571    0.0  0.684713   \n",
       "4      0  0.112033  0.082759  0.235294      0  0.000000    0.5  0.419381   \n",
       "\n",
       "      data9    data10  ...  data56  data57  data58  data59  data60  data61  \\\n",
       "0  0.772287  0.265889  ...       0       0       0       0       0       0   \n",
       "1  0.840232  0.457520  ...       0       0       0       0       0       0   \n",
       "2  0.807369  0.297082  ...       0       0       0       0       0       0   \n",
       "3  0.789068  0.652226  ...       0       0       0       0       0       0   \n",
       "4  0.820999  0.000000  ...       0       0       0       0       0       0   \n",
       "\n",
       "   data62    data63  data64  data65  \n",
       "0     0.0  0.005952     0.0     0.0  \n",
       "1     0.0  0.001488     0.0     0.0  \n",
       "2     0.0  0.000000     0.0     0.0  \n",
       "3     0.0  0.001488     0.0     0.0  \n",
       "4     0.0  0.023810     0.0     0.0  \n",
       "\n",
       "[5 rows x 65 columns]"
      ]
     },
     "execution_count": 185,
     "metadata": {},
     "output_type": "execute_result"
    }
   ],
   "source": [
    "df1 = pd.read_excel(\"C:\\\\Users\\\\pavan\\\\Downloads\\\\url_data.xlsx\")\n",
    "df1.head()"
   ]
  },
  {
   "cell_type": "markdown",
   "id": "03beff86",
   "metadata": {},
   "source": [
    "# As the first column contains the lables, it is dropped."
   ]
  },
  {
   "cell_type": "code",
   "execution_count": 207,
   "id": "7bb39683",
   "metadata": {},
   "outputs": [],
   "source": [
    "df = df1.drop('data1',axis= 1)\n"
   ]
  },
  {
   "cell_type": "code",
   "execution_count": 187,
   "id": "decc0dfc",
   "metadata": {},
   "outputs": [
    {
     "data": {
      "text/plain": [
       "array([[-0.65466981, -0.5912059 ,  0.08517171, ..., -0.12874791,\n",
       "        -0.16518144, -0.04476615],\n",
       "       [ 1.71777468, -0.10030701,  1.13667433, ..., -0.21184327,\n",
       "        -0.16518144, -0.04476615],\n",
       "       [-0.21764057,  0.71785781, -0.96633091, ..., -0.23954172,\n",
       "        -0.16518144, -0.04476615],\n",
       "       ...,\n",
       "       [-0.46737157, -0.10030701,  0.08517171, ..., -0.23954172,\n",
       "        -0.16518144, -0.04476615],\n",
       "       [-0.90440081, -1.08210479, -0.96633091, ..., -0.23954172,\n",
       "        -0.16518144, -0.04476615],\n",
       "       [-0.34250607,  0.22695892,  0.08517171, ..., -0.20261045,\n",
       "        -0.16518144, -0.04476615]])"
      ]
     },
     "execution_count": 187,
     "metadata": {},
     "output_type": "execute_result"
    }
   ],
   "source": [
    "from sklearn.preprocessing import StandardScaler\n",
    "scaler = StandardScaler()\n",
    "scaler.fit(df)\n",
    "scaled_data = scaler.transform(df)\n",
    "scaled_data"
   ]
  },
  {
   "cell_type": "markdown",
   "id": "5065dea3",
   "metadata": {},
   "source": [
    "# PCA for maintaining 95% variance"
   ]
  },
  {
   "cell_type": "code",
   "execution_count": 188,
   "id": "adf24925",
   "metadata": {},
   "outputs": [
    {
     "name": "stdout",
     "output_type": "stream",
     "text": [
      "[[ 8.69476630e+00  1.82081021e-15  1.16645654e-15  4.55202553e-16\n",
      "  -1.70700958e-16  9.10405107e-16  2.10531181e-15 -5.54778112e-16\n",
      "   1.28025718e-15 -4.97877793e-16  6.82803830e-16  1.76390989e-15\n",
      "   1.03843083e-15 -1.24113821e-15  3.05839216e-16 -2.06263657e-16\n",
      "  -3.62739535e-16  7.04141450e-16  2.66720246e-16 -1.09533114e-15\n",
      "  -1.28025718e-16  3.91189694e-16]\n",
      " [ 1.82081021e-15  7.29919604e+00 -1.00286813e-15 -1.70700958e-15\n",
      "  -4.83652713e-16  5.69003192e-17  1.13800638e-15  5.12102873e-16\n",
      "  -5.69003192e-17  2.77389056e-16 -2.13376197e-17  5.83228272e-16\n",
      "  -1.09710928e-15  3.27176835e-16 -1.31404175e-15  2.84501596e-17\n",
      "   3.90745161e-16 -5.83228272e-16  7.11253990e-16  1.05976844e-15\n",
      "  -2.98726676e-16  3.98302234e-16]\n",
      " [ 1.16645654e-15 -1.00286813e-15  5.18522720e+00  2.27601277e-16\n",
      "   1.59320894e-15  2.13376197e-17  3.76964615e-16 -7.25479070e-16\n",
      "   2.20488737e-16  5.51221842e-16 -6.52575536e-16 -2.84501596e-17\n",
      "  -1.23936008e-15 -2.42270890e-17 -2.75888755e-17 -5.74337597e-16\n",
      "   5.71670394e-16 -5.76115732e-16 -1.70700958e-16 -1.42250798e-16\n",
      "  -2.56051436e-16  6.22347241e-17]\n",
      " [ 4.55202553e-16 -1.70700958e-15  2.27601277e-16  2.94199128e+00\n",
      "  -7.53929229e-16 -8.53504788e-16  1.62521537e-15 -6.82803830e-16\n",
      "  -1.10955622e-15 -5.44109302e-16 -5.76115732e-16  4.87208983e-16\n",
      "  -7.78378585e-16 -8.74842407e-16  4.44533744e-17 -5.69003192e-17\n",
      "  -2.27601277e-16  3.84077154e-16 -2.34713817e-16  8.89067487e-17\n",
      "   4.62315093e-16 -1.81369767e-16]\n",
      " [-1.70700958e-16 -4.83652713e-16  1.59320894e-15 -7.53929229e-16\n",
      "   2.50838925e+00  2.27601277e-16  1.13800638e-16 -3.00504811e-16\n",
      "  -6.08122161e-16 -4.97877793e-16  2.27601277e-16  5.04990333e-16\n",
      "  -5.79672002e-16  3.55626995e-17 -2.66720246e-16  6.22347241e-17\n",
      "  -7.11253990e-18  1.24469448e-16  2.41826357e-16  4.67649498e-16\n",
      "   3.09395486e-16 -5.04990333e-16]\n",
      " [ 9.10405107e-16  5.69003192e-17  2.13376197e-17 -8.53504788e-16\n",
      "   2.27601277e-16  2.38474573e+00 -1.88126680e-15 -1.47940830e-15\n",
      "  -3.76964615e-16 -1.28025718e-16 -2.80945326e-16 -2.98726676e-16\n",
      "  -7.75266849e-16 -2.77389056e-16  2.48938896e-16 -2.38270087e-16\n",
      "  -5.12102873e-16 -7.18366530e-16  2.20488737e-16  4.08971044e-16\n",
      "   0.00000000e+00  5.69003192e-17]\n",
      " [ 2.10531181e-15  1.13800638e-15  3.76964615e-16  1.62521537e-15\n",
      "   1.13800638e-16 -1.88126680e-15  2.17078124e+00 -1.96306101e-15\n",
      "  -1.12378130e-15 -1.55586810e-16 -2.41826357e-16 -1.06688098e-16\n",
      "  -2.63163976e-16  7.75266849e-16 -2.95170406e-16 -8.53504788e-17\n",
      "   1.51141473e-16 -2.58718639e-16 -5.69003192e-17  1.93816712e-16\n",
      "   7.82379389e-17 -4.69427633e-16]\n",
      " [-5.54778112e-16  5.12102873e-16 -7.25479070e-16 -6.82803830e-16\n",
      "  -3.00504811e-16 -1.47940830e-15 -1.96306101e-15  2.00745811e+00\n",
      "  -5.40553032e-16  3.55626995e-18 -7.85935659e-16 -5.83228272e-16\n",
      "  -2.43826758e-16 -3.69852075e-16 -1.24469448e-16  7.11253990e-17\n",
      "   2.68498381e-16 -2.24045007e-16 -1.70700958e-16 -9.15739512e-17\n",
      "   2.55162369e-16  2.31157547e-16]\n",
      " [ 1.28025718e-15 -5.69003192e-17  2.20488737e-16 -1.10955622e-15\n",
      "  -6.08122161e-16 -3.76964615e-16 -1.12378130e-15 -5.40553032e-16\n",
      "   1.72256318e+00 -8.80176812e-17 -4.62315093e-16 -3.37845645e-17\n",
      "   8.17942088e-17 -4.40977474e-16 -1.70700958e-16  2.31157547e-16\n",
      "   1.10244368e-16 -4.97877793e-17 -1.28025718e-16 -1.42250798e-17\n",
      "  -8.89067487e-19 -8.35723438e-17]\n",
      " [-4.97877793e-16  2.77389056e-16  5.51221842e-16 -5.44109302e-16\n",
      "  -4.97877793e-16 -1.28025718e-16 -1.55586810e-16  3.55626995e-18\n",
      "  -8.80176812e-17  1.35049474e+00 -1.35138258e-15  4.62315093e-16\n",
      "  -2.20711004e-16  4.48979081e-16 -5.47665572e-16  2.91614136e-16\n",
      "  -4.62315093e-17 -4.10749179e-16  1.42250798e-17 -6.11678431e-16\n",
      "   1.42250798e-17 -1.76035362e-16]\n",
      " [ 6.82803830e-16 -2.13376197e-17 -6.52575536e-16 -5.76115732e-16\n",
      "   2.27601277e-16 -2.80945326e-16 -2.41826357e-16 -7.85935659e-16\n",
      "  -4.62315093e-16 -1.35138258e-15  1.31210853e+00  1.66255620e-16\n",
      "  -2.41826357e-16  9.95755586e-17 -2.77389056e-16  1.23580381e-16\n",
      "   4.39199339e-16  1.85815105e-16  6.40128591e-17  3.27176835e-16\n",
      "  -7.82379389e-17 -2.41826357e-16]\n",
      " [ 1.76390989e-15  5.83228272e-16 -2.84501596e-17  4.87208983e-16\n",
      "   5.04990333e-16 -2.98726676e-16 -1.06688098e-16 -5.83228272e-16\n",
      "  -3.37845645e-17  4.62315093e-16  1.66255620e-16  1.07063714e+00\n",
      "   1.05354497e-16  9.95755586e-17  9.17517647e-16 -2.56051436e-16\n",
      "   2.06263657e-16 -2.52495166e-16  1.70700958e-16 -1.42250798e-16\n",
      "   4.26752394e-17 -2.13376197e-17]\n",
      " [ 1.03843083e-15 -1.09710928e-15 -1.23936008e-15 -7.78378585e-16\n",
      "  -5.79672002e-16 -7.75266849e-16 -2.63163976e-16 -2.43826758e-16\n",
      "   8.17942088e-17 -2.20711004e-16 -2.41826357e-16  1.05354497e-16\n",
      "   9.41887370e-01 -3.95635032e-16 -1.68922823e-16 -1.08466233e-16\n",
      "   7.64598039e-17 -4.30308664e-16 -1.40917197e-16 -1.26247583e-16\n",
      "   5.77893867e-18 -1.82481102e-16]\n",
      " [-1.24113821e-15  3.27176835e-16 -2.42270890e-17 -8.74842407e-16\n",
      "   3.55626995e-17 -2.77389056e-16  7.75266849e-16 -3.69852075e-16\n",
      "  -4.40977474e-16  4.48979081e-16  9.95755586e-17  9.95755586e-17\n",
      "  -3.95635032e-16  9.26904600e-01  6.53464603e-16 -9.95755586e-17\n",
      "   4.80096443e-16 -4.62315093e-16 -1.31581988e-16 -4.12527314e-16\n",
      "   8.17942088e-17  2.71165584e-16]\n",
      " [ 3.05839216e-16 -1.31404175e-15 -2.75888755e-17  4.44533744e-17\n",
      "  -2.66720246e-16  2.48938896e-16 -2.95170406e-16 -1.24469448e-16\n",
      "  -1.70700958e-16 -5.47665572e-16 -2.77389056e-16  9.17517647e-16\n",
      "  -1.68922823e-16  6.53464603e-16  7.35515894e-01 -1.00642440e-15\n",
      "   7.36147879e-16 -5.51221842e-16 -6.40128591e-17  4.03192105e-16\n",
      "  -3.00060277e-17 -3.55626995e-17]\n",
      " [-2.06263657e-16  2.84501596e-17 -5.74337597e-16 -5.69003192e-17\n",
      "   6.22347241e-17 -2.38270087e-16 -8.53504788e-17  7.11253990e-17\n",
      "   2.31157547e-16  2.91614136e-16  1.23580381e-16 -2.56051436e-16\n",
      "  -1.08466233e-16 -9.95755586e-17 -1.00642440e-15  6.73145089e-01\n",
      "   6.47241131e-16  2.24045007e-16  7.11253990e-18 -3.02282946e-17\n",
      "  -1.42250798e-17  4.56536155e-16]\n",
      " [-3.62739535e-16  3.90745161e-16  5.71670394e-16 -2.27601277e-16\n",
      "  -7.11253990e-18 -5.12102873e-16  1.51141473e-16  2.68498381e-16\n",
      "   1.10244368e-16 -4.62315093e-17  4.39199339e-16  2.06263657e-16\n",
      "   7.64598039e-17  4.80096443e-16  7.36147879e-16  6.47241131e-16\n",
      "   6.57144570e-01  3.55626995e-17 -1.17356908e-16 -2.48938896e-17\n",
      "   2.47160761e-16  1.06688098e-17]\n",
      " [ 7.04141450e-16 -5.83228272e-16 -5.76115732e-16  3.84077154e-16\n",
      "   1.24469448e-16 -7.18366530e-16 -2.58718639e-16 -2.24045007e-16\n",
      "  -4.97877793e-17 -4.10749179e-16  1.85815105e-16 -2.52495166e-16\n",
      "  -4.30308664e-16 -4.62315093e-16 -5.51221842e-16  2.24045007e-16\n",
      "   3.55626995e-17  5.94723324e-01 -9.95755586e-17  1.35138258e-16\n",
      "   2.13376197e-17  4.97877793e-17]\n",
      " [ 2.66720246e-16  7.11253990e-16 -1.70700958e-16 -2.34713817e-16\n",
      "   2.41826357e-16  2.20488737e-16 -5.69003192e-17 -1.70700958e-16\n",
      "  -1.28025718e-16  1.42250798e-17  6.40128591e-17  1.70700958e-16\n",
      "  -1.40917197e-16 -1.31581988e-16 -6.40128591e-17  7.11253990e-18\n",
      "  -1.17356908e-16 -9.95755586e-17  5.81533042e-01 -1.42250798e-17\n",
      "  -1.56475878e-16 -4.97877793e-17]\n",
      " [-1.09533114e-15  1.05976844e-15 -1.42250798e-16  8.89067487e-17\n",
      "   4.67649498e-16  4.08971044e-16  1.93816712e-16 -9.15739512e-17\n",
      "  -1.42250798e-17 -6.11678431e-16  3.27176835e-16 -1.42250798e-16\n",
      "  -1.26247583e-16 -4.12527314e-16  4.03192105e-16 -3.02282946e-17\n",
      "  -2.48938896e-17  1.35138258e-16 -1.42250798e-17  4.76115403e-01\n",
      "   1.97817516e-17 -3.30733105e-16]\n",
      " [-1.28025718e-16 -2.98726676e-16 -2.56051436e-16  4.62315093e-16\n",
      "   3.09395486e-16  0.00000000e+00  7.82379389e-17  2.55162369e-16\n",
      "  -8.89067487e-19  1.42250798e-17 -7.82379389e-17  4.26752394e-17\n",
      "   5.77893867e-18  8.17942088e-17 -3.00060277e-17 -1.42250798e-17\n",
      "   2.47160761e-16  2.13376197e-17 -1.56475878e-16  1.97817516e-17\n",
      "   4.40659662e-01 -6.22347241e-17]\n",
      " [ 3.91189694e-16  3.98302234e-16  6.22347241e-17 -1.81369767e-16\n",
      "  -5.04990333e-16  5.69003192e-17 -4.69427633e-16  2.31157547e-16\n",
      "  -8.35723438e-17 -1.76035362e-16 -2.41826357e-16 -2.13376197e-17\n",
      "  -1.82481102e-16  2.71165584e-16 -3.55626995e-17  4.56536155e-16\n",
      "   1.06688098e-17  4.97877793e-17 -4.97877793e-17 -3.30733105e-16\n",
      "  -6.22347241e-17  4.03609215e-01]]\n"
     ]
    }
   ],
   "source": [
    "from sklearn.decomposition import PCA\n",
    "pca_1 = PCA(0.95)\n",
    "pca_1.fit(scaled_data)\n",
    "z = pca_1.transform(scaled_data)\n",
    "features = z.T\n",
    "cov_matrix = np.cov(features)\n",
    "print(cov_matrix)\n"
   ]
  },
  {
   "cell_type": "code",
   "execution_count": 190,
   "id": "e4a90ec7",
   "metadata": {},
   "outputs": [
    {
     "data": {
      "text/plain": [
       "array([8.6947663 , 7.29919604, 5.1852272 , 2.94199128, 2.50838925,\n",
       "       2.38474573, 2.17078124, 2.00745811, 1.72256318, 1.35049474,\n",
       "       1.31210853, 1.07063714, 0.94188737, 0.9269046 , 0.40360921,\n",
       "       0.44065966, 0.4761154 , 0.73551589, 0.58153304, 0.59472332,\n",
       "       0.65714457, 0.67314509])"
      ]
     },
     "execution_count": 190,
     "metadata": {},
     "output_type": "execute_result"
    }
   ],
   "source": [
    "eigen_values, eigen_vectors = np.linalg.eig(cov_matrix)\n",
    "eigen_values\n"
   ]
  },
  {
   "cell_type": "code",
   "execution_count": 191,
   "id": "ddbed146",
   "metadata": {},
   "outputs": [
    {
     "data": {
      "text/plain": [
       "array([[-1.00000000e+00, -1.30470695e-15, -3.32367445e-16,\n",
       "         7.91274736e-17, -2.75930413e-17,  1.44279261e-16,\n",
       "        -3.22703346e-16,  8.29598541e-17, -1.83623047e-16,\n",
       "        -6.77913104e-17,  9.24875366e-17, -2.31358869e-16,\n",
       "        -1.33941318e-16, -1.59778619e-16, -4.71815563e-17,\n",
       "         1.55105481e-17, -1.33273838e-16, -3.84256306e-17,\n",
       "        -3.28747169e-17, -8.69305820e-17, -4.51302073e-17,\n",
       "         2.57134626e-17],\n",
       "       [-4.14383213e-16,  1.00000000e+00, -5.51161625e-16,\n",
       "        -3.65653972e-16, -1.11896265e-16,  7.34227350e-17,\n",
       "        -2.86188305e-16, -6.86054190e-17,  3.40643225e-17,\n",
       "         5.04231301e-17, -3.38488405e-17, -2.36855748e-16,\n",
       "         2.45283460e-16,  1.17992978e-16, -2.16559807e-17,\n",
       "         3.51906933e-17,  2.23156883e-16,  2.01894359e-16,\n",
       "        -1.23422101e-16,  9.41372588e-17,  7.96912391e-17,\n",
       "        -2.29552225e-17],\n",
       "       [-2.27163549e-16,  2.86863165e-16,  1.00000000e+00,\n",
       "        -2.28818545e-16,  5.48467344e-16, -1.61472898e-16,\n",
       "         3.05686629e-16,  1.31278569e-16,  4.48375176e-17,\n",
       "         1.46920140e-16, -2.25164637e-16, -4.72187231e-17,\n",
       "         2.75440772e-16,  3.77800355e-17, -6.31535718e-17,\n",
       "         4.17922724e-17, -3.25973344e-17,  9.99845723e-17,\n",
       "         6.30897311e-17,  1.34793792e-16,  1.83097356e-16,\n",
       "         1.30198565e-16],\n",
       "       [-7.27886063e-17, -1.84847093e-17, -1.05510629e-16,\n",
       "        -1.00000000e+00, -1.71167724e-15,  9.03220363e-16,\n",
       "        -2.40320626e-15,  7.72725516e-16,  8.34323658e-16,\n",
       "        -3.52344857e-16, -4.31039101e-16, -6.23269711e-17,\n",
       "         5.16953758e-16, -3.58155305e-16,  2.43895884e-16,\n",
       "        -1.99133444e-16,  2.25327958e-16, -4.11842940e-17,\n",
       "         1.45729276e-16, -8.89615714e-17, -9.01579138e-17,\n",
       "        -1.86325515e-18],\n",
       "       [ 2.61460743e-17, -6.01260957e-17, -1.05503004e-15,\n",
       "         1.65856269e-15, -1.00000000e+00, -1.66463039e-14,\n",
       "        -7.91214639e-15,  3.37272079e-16,  1.52565196e-16,\n",
       "        -6.82460762e-16,  6.10846319e-16, -7.92671592e-16,\n",
       "         1.59548255e-16,  1.69245195e-16,  3.69356907e-16,\n",
       "        -2.13509619e-16,  4.83627532e-16, -4.39125425e-17,\n",
       "        -1.06367746e-16,  1.49716921e-17, -3.55319862e-17,\n",
       "        -7.66095549e-18],\n",
       "       [-1.37697311e-16,  5.85877467e-17,  4.21098014e-16,\n",
       "        -7.26047912e-17,  1.20169737e-14, -1.00000000e+00,\n",
       "         8.87238437e-15,  3.52583473e-15,  2.18194654e-16,\n",
       "        -1.15405088e-16,  3.06869479e-16, -8.51027942e-16,\n",
       "         1.47432126e-16, -2.42397345e-16, -7.14248619e-17,\n",
       "        -7.11444091e-17,  1.17741989e-16, -2.63532348e-16,\n",
       "        -8.81790750e-17,  4.70736795e-16, -2.40817644e-16,\n",
       "         8.58699316e-17],\n",
       "       [-3.11428260e-16,  4.16421843e-16,  1.62920737e-18,\n",
       "        -1.92370747e-15, -5.61144752e-15,  5.31156414e-15,\n",
       "         1.00000000e+00,  1.20062083e-14,  2.06033857e-15,\n",
       "        -3.89817570e-16, -6.31008223e-16,  1.26543364e-16,\n",
       "         3.41941372e-16,  7.05634089e-16,  3.27774203e-16,\n",
       "        -8.07756184e-17,  3.53468240e-16,  2.42124492e-16,\n",
       "        -1.97256285e-19,  1.88054859e-16,  9.74523773e-17,\n",
       "         6.96567009e-17],\n",
       "       [ 8.06581906e-17,  1.40154935e-16, -1.34379412e-16,\n",
       "         1.19691293e-15,  2.52895980e-16,  3.69605253e-15,\n",
       "        -1.12710689e-14,  1.00000000e+00,  2.65304567e-15,\n",
       "         5.85480599e-17, -1.52847295e-15,  4.62738136e-16,\n",
       "         9.47570992e-17, -8.20386082e-16, -1.12969124e-16,\n",
       "        -2.43757749e-16,  7.94244530e-17,  2.78452778e-17,\n",
       "         5.17207493e-17,  4.49077697e-17,  2.31228443e-16,\n",
       "        -7.57783348e-17],\n",
       "       [-1.80469005e-16, -1.19768032e-16, -1.52125962e-16,\n",
       "         3.14051087e-18,  5.44799661e-16, -3.38591268e-16,\n",
       "        -3.60389488e-16, -1.05021615e-15,  1.00000000e+00,\n",
       "         3.98631983e-16, -1.45561474e-15,  3.06412362e-17,\n",
       "         7.84750977e-17, -9.28213901e-16,  2.63815042e-16,\n",
       "         1.57337611e-17,  1.02114730e-16, -8.42726436e-17,\n",
       "         1.46021307e-16,  3.23569969e-17, -2.35699073e-17,\n",
       "        -2.73288059e-16],\n",
       "       [ 6.73050911e-17,  7.22472852e-17,  1.90848182e-16,\n",
       "         5.31438154e-16,  8.04938731e-16, -3.16412708e-16,\n",
       "        -8.79574638e-16,  1.89006358e-16,  7.15499954e-16,\n",
       "        -1.00000000e+00, -5.50390729e-14, -1.24249251e-15,\n",
       "        -7.73956802e-17,  7.27220853e-16,  4.48149655e-16,\n",
       "        -3.99893526e-18, -5.57079948e-16,  8.01517580e-16,\n",
       "         1.33554573e-17,  2.37131718e-16, -4.58798401e-16,\n",
       "        -3.84977715e-16],\n",
       "       [-9.18970159e-17, -2.78721331e-17, -1.57814129e-16,\n",
       "         2.10184696e-16, -1.20789666e-16, -1.75366732e-16,\n",
       "        -1.20089348e-16, -1.02664832e-15, -1.16184839e-15,\n",
       "         5.34690104e-14, -1.00000000e+00, -1.60420338e-15,\n",
       "         2.31403795e-16,  1.45838891e-16, -5.24674433e-17,\n",
       "         1.29483123e-16,  3.91580447e-16,  7.25939531e-16,\n",
       "        -3.27000047e-17,  6.94229326e-17,  5.49627226e-16,\n",
       "        -2.73398065e-16],\n",
       "       [-2.30784836e-16, -2.59213662e-17, -6.85708997e-17,\n",
       "        -4.46282285e-16, -8.06113334e-16, -3.64211915e-16,\n",
       "         3.21331867e-16, -9.89547291e-16,  6.45659524e-16,\n",
       "        -2.38806475e-15, -2.66606374e-15,  1.00000000e+00,\n",
       "         1.43526931e-15, -6.29720121e-16, -4.70668492e-16,\n",
       "         1.16816792e-16, -5.51270662e-16, -2.76941465e-15,\n",
       "        -5.00384112e-16,  1.45209236e-16,  2.50703437e-16,\n",
       "         7.11334871e-16],\n",
       "       [-1.33788615e-16, -2.71113873e-16, -3.52248301e-16,\n",
       "         2.68154081e-16,  3.36189180e-17,  9.51742040e-18,\n",
       "         1.37196098e-16, -4.17782743e-16,  4.26289306e-16,\n",
       "        -2.21860804e-16,  7.25716745e-16, -3.25334616e-16,\n",
       "         1.00000000e+00, -3.51118208e-14,  1.01866270e-16,\n",
       "         2.03229802e-16, -6.71384394e-16,  1.13924050e-15,\n",
       "         7.74347744e-17,  1.87621934e-15,  1.96641359e-16,\n",
       "         1.04398686e-16],\n",
       "       [ 1.59616050e-16,  1.65648267e-16,  1.96635544e-16,\n",
       "         4.33875843e-16,  9.84267316e-19,  4.76192741e-16,\n",
       "         1.34051800e-16, -3.71039202e-16, -9.62746437e-16,\n",
       "        -8.18277966e-16, -4.97751741e-16,  1.51717441e-16,\n",
       "        -3.65599544e-14, -1.00000000e+00, -7.49860233e-16,\n",
       "         2.04316501e-16, -7.38291836e-16, -2.23470312e-15,\n",
       "         4.53278119e-16,  2.05370183e-15,  2.53353520e-15,\n",
       "        -2.38479480e-16],\n",
       "       [-3.84231435e-17, -2.22248569e-16, -3.14746837e-17,\n",
       "        -8.99215418e-17, -1.21330829e-16, -2.64515535e-16,\n",
       "        -1.09390372e-16, -3.87613736e-16, -3.72308463e-17,\n",
       "         1.31472848e-15,  8.30726204e-16,  2.54925004e-15,\n",
       "        -4.64817385e-16, -3.09438801e-15,  2.77245010e-18,\n",
       "         4.11088645e-16,  1.74071652e-15,  1.00000000e+00,\n",
       "         1.05866166e-15,  3.16098697e-15,  1.11299378e-14,\n",
       "         1.25015356e-14],\n",
       "       [ 2.57134607e-17,  3.07386105e-17, -1.14618408e-16,\n",
       "         8.44074344e-17,  2.49540545e-17,  1.85624957e-16,\n",
       "        -9.72615257e-17,  1.26360697e-16,  1.25600777e-16,\n",
       "        -8.21196424e-16, -5.25045370e-16, -6.06526445e-16,\n",
       "        -6.69933217e-16,  1.82369140e-16, -1.37592372e-15,\n",
       "        -1.60266776e-16, -2.23665539e-16, -1.30694428e-14,\n",
       "         1.83535250e-15, -1.40108517e-15,  2.90800523e-14,\n",
       "         1.00000000e+00],\n",
       "       [ 4.51300734e-17,  8.48161915e-17,  1.31868521e-16,\n",
       "         1.91563350e-16,  1.07525036e-16,  3.40610701e-16,\n",
       "        -5.92049589e-17,  3.07054409e-16,  4.03333596e-17,\n",
       "         4.10177967e-16, -5.00056272e-16,  5.27850271e-16,\n",
       "         6.80285612e-16, -2.49918815e-15,  4.10123866e-16,\n",
       "        -1.33869598e-15, -5.34762172e-17,  1.10575092e-14,\n",
       "         4.31679110e-15, -1.84827955e-15, -1.00000000e+00,\n",
       "         2.83014438e-14],\n",
       "       [-8.69227336e-17, -1.64332919e-16, -1.98273913e-16,\n",
       "        -2.80252311e-16, -3.95542183e-16,  3.29420281e-16,\n",
       "         9.03601641e-17, -1.73705938e-16,  1.87879597e-16,\n",
       "         8.58769784e-17, -1.62771556e-16,  1.09462186e-16,\n",
       "        -1.16394875e-15,  2.01350717e-15, -4.55738877e-16,\n",
       "         8.74008434e-16, -1.06738074e-15, -3.61942323e-15,\n",
       "         1.56974612e-14,  1.00000000e+00, -1.08385875e-15,\n",
       "         3.08015181e-15],\n",
       "       [-3.28706330e-17,  8.96229280e-17, -3.35336603e-17,\n",
       "         7.12404514e-17, -1.49844296e-16, -1.57248067e-16,\n",
       "         6.59668731e-17, -7.53056060e-17, -6.63037379e-17,\n",
       "        -9.53321530e-17,  1.42301733e-17,  4.61272267e-16,\n",
       "        -4.73206235e-16,  4.80703480e-16,  1.18453482e-16,\n",
       "         1.82028659e-15, -3.57070978e-16, -1.99523812e-15,\n",
       "         1.00000000e+00, -2.10213675e-14,  4.72736769e-15,\n",
       "        -2.82369401e-15],\n",
       "       [ 1.33195246e-16,  2.72983169e-16,  7.12319387e-17,\n",
       "         8.93372247e-17, -1.97283223e-16,  1.55201945e-16,\n",
       "        -3.78898966e-17,  1.02442314e-17, -1.01753298e-16,\n",
       "         4.16330723e-16, -4.16900551e-16, -1.45699981e-15,\n",
       "        -3.82629771e-16,  5.22619768e-16, -3.17971690e-15,\n",
       "        -4.92356114e-16, -1.00000000e+00,  1.39907897e-15,\n",
       "        -9.88039218e-16, -1.04766656e-15, -1.58169794e-16,\n",
       "        -1.55955619e-16],\n",
       "       [ 1.54977699e-17, -2.87201767e-17, -4.55029471e-17,\n",
       "        -1.37500310e-16, -8.68563077e-17,  7.07070541e-17,\n",
       "         1.08444436e-17,  1.34403512e-16, -2.83210251e-17,\n",
       "         1.11595316e-16,  3.19166514e-16,  6.81327948e-17,\n",
       "        -4.68611379e-16,  2.86616706e-16, -3.85005301e-15,\n",
       "         1.00000000e+00,  5.96823051e-17,  2.41419216e-16,\n",
       "        -1.46765962e-15, -1.39376583e-15, -1.67129404e-15,\n",
       "        -2.50201568e-16],\n",
       "       [-4.71291737e-17,  2.54563784e-17, -2.52779855e-17,\n",
       "         1.00952710e-16,  2.26278846e-16, -4.05005891e-16,\n",
       "        -2.16207905e-16,  2.19610010e-16, -4.99272432e-17,\n",
       "         3.85973300e-16, -2.40673682e-16,  5.83625033e-16,\n",
       "        -1.05698287e-16, -4.08309990e-16,  1.00000000e+00,\n",
       "         1.56366824e-15, -3.46382587e-15, -2.06221586e-16,\n",
       "        -1.28277007e-16,  2.11489368e-16,  3.78347060e-16,\n",
       "         1.37210984e-15]])"
      ]
     },
     "execution_count": 191,
     "metadata": {},
     "output_type": "execute_result"
    }
   ],
   "source": [
    "eigen_vectors"
   ]
  },
  {
   "cell_type": "code",
   "execution_count": 205,
   "id": "cfa7e299",
   "metadata": {},
   "outputs": [
    {
     "name": "stdout",
     "output_type": "stream",
     "text": [
      "(1000, 22)\n"
     ]
    }
   ],
   "source": [
    "print(z.shape)"
   ]
  },
  {
   "cell_type": "markdown",
   "id": "eba1faa4",
   "metadata": {},
   "source": [
    "# comment : Here, the number of components are redued to  22 for maintaining 95% variance."
   ]
  },
  {
   "cell_type": "code",
   "execution_count": null,
   "id": "c4a24a5c",
   "metadata": {},
   "outputs": [],
   "source": []
  },
  {
   "cell_type": "markdown",
   "id": "0ef52004",
   "metadata": {},
   "source": [
    "# Explained variance ratio for pca_1"
   ]
  },
  {
   "cell_type": "code",
   "execution_count": 204,
   "id": "1aeaf61b",
   "metadata": {},
   "outputs": [
    {
     "data": {
      "text/plain": [
       "array([0.18481003, 0.15514674, 0.11021366, 0.06253296, 0.05331661,\n",
       "       0.05068853, 0.04614065, 0.04266916, 0.03661363, 0.0287052 ,\n",
       "       0.02788929, 0.02275673, 0.02002012, 0.01970165, 0.01563363,\n",
       "       0.01430791, 0.01396782, 0.01264103, 0.01236067, 0.01011998,\n",
       "       0.00936636, 0.00857884])"
      ]
     },
     "execution_count": 204,
     "metadata": {},
     "output_type": "execute_result"
    }
   ],
   "source": [
    "exp_var1 = pca_1.explained_variance_ratio_\n",
    "exp_var1\n",
    "  "
   ]
  },
  {
   "cell_type": "markdown",
   "id": "29fe50a4",
   "metadata": {},
   "source": [
    "# Here the expected variance ratio is high for the first eigen value and it will reduce when the eigen values are changed."
   ]
  },
  {
   "cell_type": "code",
   "execution_count": null,
   "id": "35e7d62b",
   "metadata": {},
   "outputs": [],
   "source": []
  },
  {
   "cell_type": "markdown",
   "id": "992dfe07",
   "metadata": {},
   "source": [
    "# => PCA for maintaining 99% variance "
   ]
  },
  {
   "cell_type": "code",
   "execution_count": 193,
   "id": "915d0b88",
   "metadata": {},
   "outputs": [
    {
     "name": "stdout",
     "output_type": "stream",
     "text": [
      "[[ 8.69476630e+00  1.82081021e-15  1.16645654e-15  4.55202553e-16\n",
      "  -1.70700958e-16  9.10405107e-16  2.10531181e-15 -5.54778112e-16\n",
      "   1.28025718e-15 -4.97877793e-16  6.82803830e-16  1.76390989e-15\n",
      "   1.03843083e-15 -1.24113821e-15  3.05839216e-16 -2.06263657e-16\n",
      "  -3.62739535e-16  7.04141450e-16  2.66720246e-16 -1.09533114e-15\n",
      "  -1.28025718e-16  3.91189694e-16 -2.73832786e-16  1.13800638e-16\n",
      "   1.40472663e-16  1.12911571e-16  2.73832786e-16  3.84077154e-16]\n",
      " [ 1.82081021e-15  7.29919604e+00 -1.00286813e-15 -1.70700958e-15\n",
      "  -4.83652713e-16  5.69003192e-17  1.13800638e-15  5.12102873e-16\n",
      "  -5.69003192e-17  2.77389056e-16 -2.13376197e-17  5.83228272e-16\n",
      "  -1.09710928e-15  3.27176835e-16 -1.31404175e-15  2.84501596e-17\n",
      "   3.90745161e-16 -5.83228272e-16  7.11253990e-16  1.05976844e-15\n",
      "  -2.98726676e-16  3.98302234e-16 -3.41401915e-16 -4.55202553e-16\n",
      "  -2.48272096e-16 -5.62224052e-16  2.71165584e-17 -9.45967806e-16]\n",
      " [ 1.16645654e-15 -1.00286813e-15  5.18522720e+00  2.27601277e-16\n",
      "   1.59320894e-15  2.13376197e-17  3.76964615e-16 -7.25479070e-16\n",
      "   2.20488737e-16  5.51221842e-16 -6.52575536e-16 -2.84501596e-17\n",
      "  -1.23936008e-15 -2.42270890e-17 -2.75888755e-17 -5.74337597e-16\n",
      "   5.71670394e-16 -5.76115732e-16 -1.70700958e-16 -1.42250798e-16\n",
      "  -2.56051436e-16  6.22347241e-17  1.74257227e-16  7.11253990e-18\n",
      "  -1.63588418e-16 -1.23046940e-15 -6.40128591e-17 -3.25398700e-16]\n",
      " [ 4.55202553e-16 -1.70700958e-15  2.27601277e-16  2.94199128e+00\n",
      "  -7.53929229e-16 -8.53504788e-16  1.62521537e-15 -6.82803830e-16\n",
      "  -1.10955622e-15 -5.44109302e-16 -5.76115732e-16  4.87208983e-16\n",
      "  -7.78378585e-16 -8.74842407e-16  4.44533744e-17 -5.69003192e-17\n",
      "  -2.27601277e-16  3.84077154e-16 -2.34713817e-16  8.89067487e-17\n",
      "   4.62315093e-16 -1.81369767e-16  5.95675216e-17  3.24509633e-17\n",
      "   8.62395463e-17  3.12951755e-16  1.93816712e-16 -2.40048222e-16]\n",
      " [-1.70700958e-16 -4.83652713e-16  1.59320894e-15 -7.53929229e-16\n",
      "   2.50838925e+00  2.27601277e-16  1.13800638e-16 -3.00504811e-16\n",
      "  -6.08122161e-16 -4.97877793e-16  2.27601277e-16  5.04990333e-16\n",
      "  -5.79672002e-16  3.55626995e-17 -2.66720246e-16  6.22347241e-17\n",
      "  -7.11253990e-18  1.24469448e-16  2.41826357e-16  4.67649498e-16\n",
      "   3.09395486e-16 -5.04990333e-16  0.00000000e+00 -2.56051436e-16\n",
      "   4.26752394e-17 -1.42250798e-17 -2.03596455e-16  5.33440492e-17]\n",
      " [ 9.10405107e-16  5.69003192e-17  2.13376197e-17 -8.53504788e-16\n",
      "   2.27601277e-16  2.38474573e+00 -1.88126680e-15 -1.47940830e-15\n",
      "  -3.76964615e-16 -1.28025718e-16 -2.80945326e-16 -2.98726676e-16\n",
      "  -7.75266849e-16 -2.77389056e-16  2.48938896e-16 -2.38270087e-16\n",
      "  -5.12102873e-16 -7.18366530e-16  2.20488737e-16  4.08971044e-16\n",
      "   0.00000000e+00  5.69003192e-17  8.39279708e-16  1.72479093e-16\n",
      "   6.45462996e-16 -5.33440492e-17 -1.31581988e-16 -1.63588418e-16]\n",
      " [ 2.10531181e-15  1.13800638e-15  3.76964615e-16  1.62521537e-15\n",
      "   1.13800638e-16 -1.88126680e-15  2.17078124e+00 -1.96306101e-15\n",
      "  -1.12378130e-15 -1.55586810e-16 -2.41826357e-16 -1.06688098e-16\n",
      "  -2.63163976e-16  7.75266849e-16 -2.95170406e-16 -8.53504788e-17\n",
      "   1.51141473e-16 -2.58718639e-16 -5.69003192e-17  1.93816712e-16\n",
      "   7.82379389e-17 -4.69427633e-16  3.44958185e-16  3.02282946e-16\n",
      "  -2.34713817e-16  3.91189694e-17  1.38694528e-16  3.09395486e-16]\n",
      " [-5.54778112e-16  5.12102873e-16 -7.25479070e-16 -6.82803830e-16\n",
      "  -3.00504811e-16 -1.47940830e-15 -1.96306101e-15  2.00745811e+00\n",
      "  -5.40553032e-16  3.55626995e-18 -7.85935659e-16 -5.83228272e-16\n",
      "  -2.43826758e-16 -3.69852075e-16 -1.24469448e-16  7.11253990e-17\n",
      "   2.68498381e-16 -2.24045007e-16 -1.70700958e-16 -9.15739512e-17\n",
      "   2.55162369e-16  2.31157547e-16  1.95594847e-17 -1.27136651e-16\n",
      "  -1.06799232e-16 -1.96039381e-16  1.35138258e-16 -1.12022503e-16]\n",
      " [ 1.28025718e-15 -5.69003192e-17  2.20488737e-16 -1.10955622e-15\n",
      "  -6.08122161e-16 -3.76964615e-16 -1.12378130e-15 -5.40553032e-16\n",
      "   1.72256318e+00 -8.80176812e-17 -4.62315093e-16 -3.37845645e-17\n",
      "   8.17942088e-17 -4.40977474e-16 -1.70700958e-16  2.31157547e-16\n",
      "   1.10244368e-16 -4.97877793e-17 -1.28025718e-16 -1.42250798e-17\n",
      "  -8.89067487e-19 -8.35723438e-17 -2.48938896e-17 -1.45807068e-16\n",
      "  -4.48979081e-16  1.24469448e-16  3.55626995e-17  2.93392271e-17]\n",
      " [-4.97877793e-16  2.77389056e-16  5.51221842e-16 -5.44109302e-16\n",
      "  -4.97877793e-16 -1.28025718e-16 -1.55586810e-16  3.55626995e-18\n",
      "  -8.80176812e-17  1.35049474e+00 -1.35138258e-15  4.62315093e-16\n",
      "  -2.20711004e-16  4.48979081e-16 -5.47665572e-16  2.91614136e-16\n",
      "  -4.62315093e-17 -4.10749179e-16  1.42250798e-17 -6.11678431e-16\n",
      "   1.42250798e-17 -1.76035362e-16  7.29035339e-17  2.51161565e-16\n",
      "  -1.38694528e-16 -1.44028933e-16 -9.69083561e-17  1.08466233e-16]\n",
      " [ 6.82803830e-16 -2.13376197e-17 -6.52575536e-16 -5.76115732e-16\n",
      "   2.27601277e-16 -2.80945326e-16 -2.41826357e-16 -7.85935659e-16\n",
